oafsprimsetnoesv
7 6 11 14 10 9 5 8
7 6 11 14 10 9 5
7 6 10 5 9 14
3 7 6 10 9 14
7 6 11 10 14
7 6 10 9 14
5 9 4 1 6 11 10 14
4 1 5 6 9 10 13 14
10 5 1 4 9 8 13 14
7 6 5 9 14
14 9 6 3 7
6 11 14 10 9 4 8
8 4 5 6 11 10 14
1 2 5 9 13 10 14
9 8 4 5 6 10 14
2 1 6 5 9 14 10
4 1 5 10 6 9 14
4 5 9 8 13 10 14
8 4 1 5 9 14 10
8 4 5 6 9 14 10
8 4 5 6 10 9 14
14 10 6 5 4 9 8
8 4 5 1 6 11 14
2 1 6 11 10 14
6 11 14 10 9 4
4 1 6 11 10 14
4 5 6 11 10 14
12 9 14 10 5 6 11
4 1 5 9 8 13 14
1 2 5 6 10 14
2 5 9 13 14 10
4 5 9 14 13 10
4 5 6 9 14 10
8 4 1 6 10 14
8 4 0 5 10 14
8 4 5 6 10 14
14 10 13 9 4 8
14 10 6 5 4 8
14 10 5 1 4 8
14 10 5 9 4 8
14 10 5 0 4 8
10 5 1 4 9 14
10 5 0 4 9 14
9 14 10 5 6 11
2 1 5 10 14
2 5 9 10 14
2 5 6 10 14
6 11 14 9 5 10
11 6 10 5 9 14
4 1 5 6 9 14
4 1 5 8 9 14
4 1 5 10 14
4 9 5 8 13 14
4 0 5 10 14
4 5 9 14 10
14 9 5 6 2 3
8 4 1 5 9 14
8 4 0 5 9 14
8 4 5 9 13 14
14 10 13 9 4
14 10 9 4 8
14 10 6 5 4
14 10 5 1 6 11
14 10 5 1 4
14 10 5 9 4
14 10 5 0 4
10 5 1 6 11 14
7 6 11 10 9 5 8
1 6 5 9 14 10
1 5 9 10 13 14
13 14 10 9 5 8
4 1 6 11 14
4 9 6 11 14
5 9 8 13 10 14
3 7 6 10 9 5 8
14 10 13 9 5 8
2 1 6 11 10 9 5 8
4 1 6 11 10 9 5 8
1 4 5 9 14
1 4 8 9 14
2 1 5 9 14
2 6 5 9 14
2 6 10 14
2 5 9 13 14
2 5 6 9 14
6 11 14 9 10
11 6 10 9 14
4 1 5 9 14
4 9 14 10
4 9 10 14
4 0 5 9 14
4 5 9 13 14
4 5 9 14 13
4 5 6 9 14
5 1 4 9 14
5 6 11 14 9 8
5 0 4 9 14
14 13 9 4 8
14 9 6 2 3
14 9 5 2 3
14 9 5 6 2
8 9 5 6 11 14
14 10 9 6 11
14 10 9 4
7 6 11 10 9 5
4 0 5 6 3 7
7 6 10 9 5 8
3 7 6 10 9 5
8 4 0 5 10 6 2
1 6 5 10 14
13 14 10 9 5
2 6 11 14
5 9 13 14 10
5 9 14 13 10
5 6 10 9 14
14 9 5 1 6 3
3 6 5 9 13 14
3 6 10 9 14
14 10 13 9 5
14 10 6 9 8
14 10 6 5 8
14 10 5 6 1
10 6 5 9 14
10 5 9 13 14
10 5 6 9 14
2 1 6 11 10 9 5
4 1 6 11 10 9 5
5 9 4 1 6 11 10
4 5 6 7 3
4 5 6 3 7
1 4 9 14
7 6 10 9 5
7 6 10 5 9
11 6 10 14
0 4 9 14
4 9 13 14
5 1 6 11 14
5 9 6 11 14
5 6 11 14 9
14 13 9 4
14 9 6 2
14 9 5 2
14 9 5 6 11
3 7 6 10 9
14 11 6 10
10 6 11 14
10 5 6 7 3
3 6 11 10 9 5 8
1 6 10 14
1 5 8 9 14
1 5 10 14
9 5 8 13 14
7 6 11 10
0 5 10 14
4 9 14
4 5 6 7
5 9 14 10
5 9 10 14
14 13 9 5 8
14 9 5 1 6
8 9 10 14
3 6 5 9 14
3 6 10 14
8 4 5 6 11 10
14 10 6 5
10 9 13 14
10 6 9 14
1 2 5 9 13 10
9 8 4 5 6 10
7 6 10 9
3 7 6 10
8 4 5 6 10 9
10 5 6 7
11 6 7 3
8 4 5 1 6 11
1 6 7 3
1 6 11 14
6 11 10 9 5 8
6 10 14
7 6 5 9
7 6 5 8
11 6 7
11 6 10 9 5 8
4 1 5 9 12 8
5 6 7 3
5 6 11 14
14 9 10
3 6 11 14
3 6 11 10 9 5
1 6 7
2 1 6 11 10
2 5 1 4 8
6 3 7
7 6 5
7 6 3
4 1 6 11 10
4 5 6 11 10
5 6 7
3 6 7
10 9 5 1 6 3
1 2 5 6 10
1 4 0 5 10
8 4 1 6 10
8 4 0 5 10
8 4 5 6 10
10 5 1 4 8
10 5 0 4 9
1 5 9 14
9 8 13 14
6 11 14
6 5 9 14
0 5 9 14
12 8 9 14
5 9 13 14
14 13 9 5
8 9 13 14
14 9 6 3
14 9 5 1
14 9 5 8
1 2 6 5 9
1 4 9 5 8
2 1 6 5 8
2 6 1 5 8
6 11 10 9 5
6 11 10 5 0
11 6 10 9 5
11 6 10 5 9
11 6 10 5 0
0 4 9 5 1
4 1 6 5 8
4 1 5 9 12
4 1 5 6 3
4 1 5 8 9
4 9 5 6 3
4 9 5 8 13
5 9 6 2 3
8 4 1 5 9
8 4 9 6 5
8 4 0 5 9
8 4 5 9 13
10 5 1 6 11
1 5 9 10 13
2 5 1 4
5 9 10 6 1
10 9 5 1 6
10 9 5 8 13
10 6 9 5 8
2 1 5 10
2 5 9 10
2 5 6 10
12 9 14
4 1 5 10
4 9 5 10
4 0 5 10
5 9 14
14 9 13
14 9 6
14 9 5
10 9 4 1
10 5 1 4
10 5 0 4
2 1 6 11
2 6 10
4 1 6 11
4 9 6 11
4 9 10
3 6 5 9 13
1 4 9 5
1 4 8 9
1 5 2 3
2 1 6 5
2 1 5 9
2 1 5 0
2 6 1 5
2 6 11
2 6 5 9
2 6 5 8
2 5 9 13
11 6 10 9
0 1 2 3
4 1 6 5
4 1 5 9
4 1 5 8
4 9 5 6
4 9 8 12
4 0 5 9
4 5 1 0
4 5 9 13
4 5 0 1
5 1 4 9
5 1 4 8
5 9 6 2
5 9 4 0
5 9 4 8
5 6 2 3
5 0 4 9
8 4 1 5
1 6 5 10
1 4 9
1 5 2
2 1 5
2 6 9
2 6 5
2 5 0
6 2 3
11 6 10
0 1 2
0 4 9
0 4 8
4 1 5
4 9 13
4 9 5
4 5 0
5 1 4
5 9 4
5 9 10 13
5 6 2
5 6 10 9
3 6 10 9
8 4 1
10 6 9 5
10 6 11
10 6 5 9
10 6 5 0
10 5 9 13
1 6 10
1 5 10
0 5 10
5 1 6 11
5 9 6 11
5 9 10
3 6 10
10 9 13
10 6 9
10 6 3
1 6 11
1 6 5 8
1 5 8 9
0 1 5 8
5 9 6 3
5 6 11
3 6 11
3 6 5 9
3 6 5 8
8 5 6 3
1 6 5
1 6 3
1 5 9
1 5 8
9 5 1
9 5 8
9 14
6 5 9
0 1 5
0 5 1
0 5 9
0 5 8
12 8 9
5 9 13
5 9 6
5 6 1
3 6 5
8 5 6
1 6
1 5
9 5
9 10
2 1
6 2
6 11
6 3
6 10
7 6
12 9
0 4
0 5
12 8
4 1
4 9
5 9
3 6
8 12
10 6
